Frequencies
{torturous=1.583877036837586E-6, lovely=4.615870221640964E-5, rewarding=7.768539752108159E-6, outstanding=8.779204147042619E-5, bad=6.990931549736945E-4, unnatural=5.430435554871723E-6, lifeless=6.486353579430114E-6, annoyed=1.5537079504216318E-5, fresh=5.762295505447217E-5, good=0.0018426523755704315}

Ranks
{torturous=18957, lovely=1703, rewarding=6812, outstanding=983, bad=160, unnatural=8783, lifeless=7785, annoyed=4166, fresh=1401, good=62}

Estimates
torturous: 4.295107397599062E-6
lovely: 5.238900211251008E-5
rewarding: 1.2426110000163039E-5
outstanding: 9.267384106331236E-5
bad: 6.099686496493507E-4
unnatural: 9.54506892216192E-6
lifeless: 1.081810110169089E-5
annoyed: 2.0701120160230755E-5
fresh: 6.41554346970201E-5
good: 0.0016317690196955567

